url_path,views_total,views_unique
/ErnakovichLab/dada2_ernakovichlab/tree/split_for_premise,47,17
/ErnakovichLab/dada2_ernakovichlab,40,26
/ErnakovichLab/dada2_ernakovichlab/tree/split_for_premise/slurm,13,1
/ErnakovichLab/dada2_ernakovichlab/blob/main/README.md,10,2
/ErnakovichLab/dada2_ernakovichlab/tree/main/dada2_tutorial_16S_all_files,9,2
/ErnakovichLab/dada2_ernakovichlab/blob/main/R/06_remove_chimeras_assign_taxonomy_dada2_tutorial_16S.Rmd,7,3
/ErnakovichLab/dada2_ernakovichlab/blob/main/dada2_tutorial_16S_all_files/figure-gfm/unnamed-chunk-23-1.png,6,1
/ErnakovichLab/dada2_ernakovichlab/tree/main/R,5,3
/ErnakovichLab/dada2_ernakovichlab/blob/main/dada2_tutorial_16S_all.md,4,2
/ErnakovichLab/dada2_ernakovichlab/blob/split_for_premise/dada2_tutorial_16S_all_files/figure-gfm/unnamed-chunk-46-1.png,4,2
