url_path,views_total,views_unique
/ErnakovichLab/dada2_ernakovichlab,68,47
/ErnakovichLab/dada2_ernakovichlab/blob/main/R/00_setup_dada2_tutorial_16S.R,6,3
/ErnakovichLab/dada2_ernakovichlab/blob/main/dada2_tutorial_16S_all.md,5,3
/ErnakovichLab/dada2_ernakovichlab/blob/main/CITATION.cff,5,2
/ErnakovichLab/dada2_ernakovichlab/tree/main,5,2
/ErnakovichLab/dada2_ernakovichlab/tree/main/dada2_tutorial_16S_all_files/figure-gfm,5,2
/ErnakovichLab/dada2_ernakovichlab/tree/main/R,4,2
/ErnakovichLab/dada2_ernakovichlab/blob/main/dada2_tutorial_16S_all.Rmd,3,3
/ErnakovichLab/dada2_ernakovichlab/issues/17,3,1
/ErnakovichLab/dada2_ernakovichlab/blob/main/dada2_tutorial_16S_all.html,2,2
